The following stars are visible:
       ObjID          RA        DEC
0   5.352689  308.833170  15.477615
1   5.601813  234.355840  57.045331
2   5.860158   56.666290  58.987614
3   5.981542  308.833417 -23.313098
4   6.056211  222.044640  47.963521
5   6.254817   60.395891  54.062055
6   6.361167  342.234231 -19.429855
7   6.398251   13.965453  39.764270
8   6.410047   75.642588   0.697544
9   6.432331  242.886270  53.533201
10  6.439840  314.252740  37.233299
11  6.458052    9.109917  44.178746
12  6.473769   78.148211  30.929115
13  6.523357   22.477049  43.958400
14  6.651552   85.939055  64.597336
15  6.680446   75.317949  27.191389
16  6.697718   66.592438  35.875461

The following constellations are visible:
                Name         RA       DEC
0          Andromeda   10.22535  39.59286
1           Aquarius  336.11760 -10.15606
2             Aquila  294.71475   2.09636
3              Aries   39.93555  19.95906
4             Auriga   89.13765  40.62107
5     Camelopardalis   96.24330  68.43532
6        Capricornus  315.33870 -18.55051
7         Cassiopeia   17.52825  61.58313
8            Cepheus  344.57220  70.82392
9              Cetus   24.29670  -8.72766
10   Corona Borealis  238.30845  32.09307
11            Cygnus  309.15090  42.53633
12         Delphinus  310.20360  12.15559
13             Draco  249.86850  64.18460
14          Equuleus  318.02670   7.46555
15          Eridanus   56.13750 -20.76762
16            Fornax   41.48940 -31.21532
17            Gemini  107.33775  23.25312
18          Hercules  259.31385  28.11835
19           Lacerta  337.46085  45.04069
20              Lynx  120.21600  46.23233
21              Lyra  282.65070  36.52469
22             Orion   83.92335   5.13814
23           Pegasus  340.52355  19.11721
24           Perseus   52.47480  43.88451
25            Pisces    9.72390  10.77037
26  Piscis Austrinus  334.28700 -30.51081
27           Sagitta  295.65195  18.62872
28          Sculptor    6.98640 -31.71431
29            Taurus   66.33195  16.83941
30        Triangulum   32.09100  32.05785
31        Ursa Major  164.73795  52.52900
32        Ursa Minor  228.85455  76.10533
33         Vulpecula  304.29255  24.52380
